***** Eval results *****
 intent_acc = 0.9764837625979843
 loss = 1.7376060783863068
 mean_intent_slot = 0.9636804777902201
 semantic_frame_acc = 0.8555431131019037
 slot_f1 = 0.9508771929824561
 slot_precision = 0.9472212513107305
 slot_recall = 0.9545614653046848
