***** Eval results *****
 intent_acc = 0.98
 loss = 1.974285677075386
 mean_intent_slot = 0.9166352386564526
 semantic_frame_acc = 0.84
 slot_f1 = 0.8532704773129052
 slot_precision = 0.8598574821852731
 slot_recall = 0.8467836257309942
