***** Eval results *****
 intent_acc = 0.9708846584546472
 loss = 1.8364675747496741
 mean_intent_slot = 0.9586472329050819
 semantic_frame_acc = 0.8398656215005599
 slot_f1 = 0.9464098073555166
 slot_precision = 0.9411354928596308
 slot_recall = 0.9517435716801691
