***** Eval results *****
 intent_acc = 0.98
 loss = 1.8588414937257767
 mean_intent_slot = 0.9563104778866132
 semantic_frame_acc = 0.762
 slot_f1 = 0.9326209557732265
 slot_precision = 0.946955997588909
 slot_recall = 0.9187134502923977
